six_rs.out
-> NextFEM model 5/24/2016 11:45:45 AM
responsespectrum nroot 12 rtolv 1.e-6 nmodules 1 func 2 dir 1 stype 1
bem tstep_all domain_all rspec
domain 3dShell
OutputManager tstep_all dofman_all element_all
ndofman 8 nelem 12 ncrosssect 2 nmat 1 nbc 4 nic 0 nltf 2 nset 4
node 1 coords 3 0 0 0 ndofs 6 dofidmask 6 1 2 3 4 5 6
node 2 coords 3 0 0 2 ndofs 6 dofidmask 6 1 2 3 4 5 6
node 3 coords 3 3 0 0 ndofs 6 dofidmask 6 1 2 3 4 5 6
node 4 coords 3 3 0 2 ndofs 6 dofidmask 6 1 2 3 4 5 6
node 5 coords 3 0 4 0 ndofs 6 dofidmask 6 1 2 3 4 5 6
node 6 coords 3 0 4 2 ndofs 6 dofidmask 6 1 2 3 4 5 6
node 7 coords 3 3 4 0 ndofs 6 dofidmask 6 1 2 3 4 5 6
node 8 coords 3 3 4 2 ndofs 6 dofidmask 6 1 2 3 4 5 6
Beam3d 1 nodes 2 1 2 mat 1 crossSect 2 refAngle 0
Beam3d 2 nodes 2 2 4 mat 1 crossSect 2 refAngle 0
Beam3d 3 nodes 2 4 3 mat 1 crossSect 2 refAngle 0
Beam3d 4 nodes 2 5 6 mat 1 crossSect 2 refAngle 0
Beam3d 5 nodes 2 6 8 mat 1 crossSect 2 refAngle 0
Beam3d 6 nodes 2 8 7 mat 1 crossSect 2 refAngle 0
Beam3d 7 nodes 2 6 2 mat 1 crossSect 2 refAngle 0
Beam3d 8 nodes 2 8 4 mat 1 crossSect 2 refAngle 0
lumpedmass 11 nodes 1 2 crosssect 1 components 6 2.5 2.5 2.5 0 0 0
lumpedmass 12 nodes 1 4 crosssect 1 components 6 2.5 2.5 2.5 0 0 0
lumpedmass 13 nodes 1 6 crosssect 1 components 6 2.5 2.5 2.5 0 0 0
lumpedmass 14 nodes 1 8 crosssect 1 components 6 2.5 2.5 2.5 0 0 0
# fictitious section for LumpedMass elements
SimpleCS 1 thick 0 drillstiffness 0
SimpleCS 2 area 0.150000005960464 Iy 0.00112500018440187 Iz 0.00312500004656613 Ik 0.004250000230968 beamShearCoeff 0.833333333333334 thick 0.5 width 0.3
IsoLE 1 d 0 E 9400000 n 0.300000011920929 tAlpha 0
BoundaryCondition 1 loadTimeFunction 1 DOFs 3 1 2 3  values 3 0 0 0  set 1
BoundaryCondition 2 loadTimeFunction 1 DOFs 6 1 2 3 4 5 6  values 6 0 0 0 0 0 0  set 2
BoundaryCondition 3 loadTimeFunction 1 DOFs 3 1 2 3  values 3 0 0 0  set 3
BoundaryCondition 4 loadTimeFunction 1 DOFs 6 1 2 3 4 5 6  values 6 0 0 0 0 0 0  set 4
ConstantFunction 1 f(t) 1.0
PiecewiseLinFunction 2 npoints 400 t 400 0.01000000000000 0.02000000000000 0.03000000000000 0.04000000000000 0.05000000000000 0.06000000000000 0.07000000000000 0.08000000000000 0.09000000000000 0.10000000000000 0.11000000000000 0.12000000000000 0.13000000000000 0.14000000000000 0.15000000000000 0.16000000000000 0.17000000000000 0.18000000000000 0.19000000000000 0.20000000000000 0.21000000000000 0.22000000000000 0.23000000000000 0.24000000000000 0.25000000000000 0.26000000000000 0.27000000000000 0.28000000000000 0.29000000000000 0.30000000000000 0.31000000000000 0.32000000000000 0.33000000000000 0.34000000000000 0.35000000000000 0.36000000000000 0.37000000000000 0.38000000000000 0.39000000000000 0.40000000000000 0.41000000000000 0.42000000000000 0.43000000000000 0.44000000000000 0.45000000000000 0.46000000000000 0.47000000000000 0.48000000000000 0.49000000000000 0.50000000000000 0.51000000000000 0.52000000000000 0.53000000000000 0.54000000000000 0.55000000000000 0.56000000000000 0.57000000000000 0.58000000000000 0.59000000000000 0.60000000000000 0.61000000000000 0.62000000000000 0.63000000000000 0.64000000000000 0.65000000000000 0.66000000000000 0.67000000000000 0.68000000000000 0.69000000000000 0.70000000000000 0.71000000000000 0.72000000000000 0.73000000000000 0.74000000000000 0.75000000000000 0.76000000000000 0.77000000000000 0.78000000000000 0.79000000000000 0.80000000000000 0.81000000000000 0.82000000000000 0.83000000000000 0.84000000000000 0.85000000000000 0.86000000000000 0.87000000000000 0.88000000000000 0.89000000000000 0.90000000000000 0.91000000000000 0.92000000000000 0.93000000000000 0.94000000000000 0.95000000000000 0.96000000000000 0.97000000000000 0.98000000000000 0.99000000000000 1.00000000000000 1.01000000000000 1.02000000000000 1.03000000000000 1.04000000000000 1.05000000000000 1.06000000000000 1.07000000000000 1.08000000000000 1.09000000000000 1.10000000000000 1.11000000000000 1.12000000000000 1.13000000000000 1.14000000000000 1.15000000000000 1.16000000000000 1.17000000000000 1.18000000000000 1.19000000000000 1.20000000000000 1.21000000000000 1.22000000000000 1.23000000000000 1.24000000000000 1.25000000000000 1.26000000000000 1.27000000000000 1.28000000000000 1.29000000000000 1.30000000000000 1.31000000000000 1.32000000000000 1.33000000000000 1.34000000000000 1.35000000000000 1.36000000000000 1.37000000000000 1.38000000000000 1.39000000000000 1.40000000000000 1.41000000000000 1.42000000000000 1.43000000000000 1.44000000000000 1.45000000000000 1.46000000000000 1.47000000000000 1.48000000000000 1.49000000000000 1.50000000000000 1.51000000000000 1.52000000000000 1.53000000000000 1.54000000000000 1.55000000000000 1.56000000000000 1.57000000000000 1.58000000000000 1.59000000000000 1.60000000000000 1.61000000000000 1.62000000000000 1.63000000000000 1.64000000000000 1.65000000000000 1.66000000000000 1.67000000000000 1.68000000000000 1.69000000000000 1.70000000000000 1.71000000000000 1.72000000000000 1.73000000000000 1.74000000000000 1.75000000000000 1.76000000000000 1.77000000000000 1.78000000000000 1.79000000000000 1.80000000000000 1.81000000000000 1.82000000000000 1.83000000000000 1.84000000000000 1.85000000000000 1.86000000000000 1.87000000000000 1.88000000000000 1.89000000000000 1.90000000000000 1.91000000000000 1.92000000000000 1.93000000000000 1.94000000000000 1.95000000000000 1.96000000000000 1.97000000000000 1.98000000000000 1.99000000000000 2.00000000000000 2.01000000000000 2.02000000000000 2.03000000000000 2.04000000000000 2.05000000000000 2.06000000000000 2.07000000000000 2.08000000000000 2.09000000000000 2.10000000000000 2.11000000000000 2.12000000000000 2.13000000000000 2.14000000000000 2.15000000000000 2.16000000000000 2.17000000000000 2.18000000000000 2.19000000000000 2.20000000000000 2.21000000000000 2.22000000000000 2.23000000000000 2.24000000000000 2.25000000000000 2.26000000000000 2.27000000000000 2.28000000000000 2.29000000000000 2.30000000000000 2.31000000000000 2.32000000000000 2.33000000000000 2.34000000000000 2.35000000000000 2.36000000000000 2.37000000000000 2.38000000000000 2.39000000000000 2.40000000000000 2.41000000000000 2.42000000000000 2.43000000000000 2.44000000000000 2.45000000000000 2.46000000000000 2.47000000000000 2.48000000000000 2.49000000000000 2.50000000000000 2.51000000000000 2.52000000000000 2.53000000000000 2.54000000000000 2.55000000000000 2.56000000000000 2.57000000000000 2.58000000000000 2.59000000000000 2.60000000000000 2.61000000000000 2.62000000000000 2.63000000000000 2.64000000000000 2.65000000000000 2.66000000000000 2.67000000000000 2.68000000000000 2.69000000000000 2.70000000000000 2.71000000000000 2.72000000000000 2.73000000000000 2.74000000000000 2.75000000000000 2.76000000000000 2.77000000000000 2.78000000000000 2.79000000000000 2.80000000000000 2.81000000000000 2.82000000000000 2.83000000000000 2.84000000000000 2.85000000000000 2.86000000000000 2.87000000000000 2.88000000000000 2.89000000000000 2.90000000000000 2.91000000000000 2.92000000000000 2.93000000000000 2.94000000000000 2.95000000000000 2.96000000000000 2.97000000000000 2.98000000000000 2.99000000000000 3.00000000000000 3.01000000000000 3.02000000000000 3.03000000000000 3.04000000000000 3.05000000000000 3.06000000000000 3.07000000000000 3.08000000000000 3.09000000000000 3.10000000000000 3.11000000000000 3.12000000000000 3.13000000000000 3.14000000000000 3.15000000000000 3.16000000000000 3.17000000000000 3.18000000000000 3.19000000000000 3.20000000000000 3.21000000000000 3.22000000000000 3.23000000000000 3.24000000000000 3.25000000000000 3.26000000000000 3.27000000000000 3.28000000000000 3.29000000000000 3.30000000000000 3.31000000000000 3.32000000000000 3.33000000000000 3.34000000000000 3.35000000000000 3.36000000000000 3.37000000000000 3.38000000000000 3.39000000000000 3.40000000000000 3.41000000000000 3.42000000000000 3.43000000000000 3.44000000000000 3.45000000000000 3.46000000000000 3.47000000000000 3.48000000000000 3.49000000000000 3.50000000000000 3.51000000000000 3.52000000000000 3.53000000000000 3.54000000000000 3.55000000000000 3.56000000000000 3.57000000000000 3.58000000000000 3.59000000000000 3.60000000000000 3.61000000000000 3.62000000000000 3.63000000000000 3.64000000000000 3.65000000000000 3.66000000000000 3.67000000000000 3.68000000000000 3.69000000000000 3.70000000000000 3.71000000000000 3.72000000000000 3.73000000000000 3.74000000000000 3.75000000000000 3.76000000000000 3.77000000000000 3.78000000000000 3.79000000000000 3.80000000000000 3.81000000000000 3.82000000000000 3.83000000000000 3.84000000000000 3.85000000000000 3.86000000000000 3.87000000000000 3.88000000000000 3.89000000000000 3.90000000000000 3.91000000000000 3.92000000000000 3.93000000000000 3.94000000000000 3.95000000000000 3.96000000000000 3.97000000000000 3.98000000000000 3.99000000000000 4.00000000000000  f(t) 400 0.38500000000000 0.42000000000000 0.45500000000000 0.49000000000000 0.52500000000000 0.56000000000000 0.59500000000000 0.63000000000000 0.66500000000000 0.70000000000000 0.73500000000000 0.77000000000000 0.80499990000000 0.84000000000000 0.87500000000000 0.87500000000000 0.87500000000000 0.87500000000000 0.87500000000000 0.87500000000000 0.87500000000000 0.87500000000000 0.87500000000000 0.87500000000000 0.87500000000000 0.87500000000000 0.87500000000000 0.87500000000000 0.87500000000000 0.87500000000000 0.87500000000000 0.87500000000000 0.87500000000000 0.87500000000000 0.87500000000000 0.87500000000000 0.87500000000000 0.87500000000000 0.87500000000000 0.87500000000000 0.85365860000000 0.83333330000000 0.81395350000000 0.79545460000000 0.77777780000000 0.76086960000000 0.74468090000000 0.72916670000000 0.71428570000000 0.70000000000000 0.68627450000000 0.67307690000000 0.66037740000000 0.64814820000000 0.63636360000000 0.62500000000000 0.61403510000000 0.60344830000000 0.59322040000000 0.58333340000000 0.57377050000000 0.56451610000000 0.55555560000000 0.54687500000000 0.53846160000000 0.53030310000000 0.52238800000000 0.51470580000000 0.50724640000000 0.50000000000000 0.49295780000000 0.48611110000000 0.47945200000000 0.47297300000000 0.46666670000000 0.46052630000000 0.45454550000000 0.44871800000000 0.44303800000000 0.43750000000000 0.43209880000000 0.42682930000000 0.42168680000000 0.41666670000000 0.41176470000000 0.40697670000000 0.40229880000000 0.39772730000000 0.39325850000000 0.38888890000000 0.38461540000000 0.38043480000000 0.37634410000000 0.37234040000000 0.36842100000000 0.36458330000000 0.36082480000000 0.35714280000000 0.35353540000000 0.35000000000000 0.34653470000000 0.34313730000000 0.33980580000000 0.33653850000000 0.33333330000000 0.33018870000000 0.32710280000000 0.32407410000000 0.32110090000000 0.31818180000000 0.31531530000000 0.31250000000000 0.30973450000000 0.30701750000000 0.30434780000000 0.30172410000000 0.29914530000000 0.29661020000000 0.29411770000000 0.29166670000000 0.28925620000000 0.28688520000000 0.28455280000000 0.28225810000000 0.28000000000000 0.27777780000000 0.27559050000000 0.27343750000000 0.27131780000000 0.26923080000000 0.26717560000000 0.26515150000000 0.26315790000000 0.26119400000000 0.25925930000000 0.25735290000000 0.25547440000000 0.25362320000000 0.25179860000000 0.25000000000000 0.24822700000000 0.24647890000000 0.24475520000000 0.24305560000000 0.24137930000000 0.23972600000000 0.23809530000000 0.23648650000000 0.23489930000000 0.23333330000000 0.23178810000000 0.23026320000000 0.22875820000000 0.22727270000000 0.22580650000000 0.22435900000000 0.22292990000000 0.22151900000000 0.22012580000000 0.21875000000000 0.21739130000000 0.21604940000000 0.21472390000000 0.21341460000000 0.21212120000000 0.21084340000000 0.20958080000000 0.20833330000000 0.20710060000000 0.20588230000000 0.20467840000000 0.20348840000000 0.20231210000000 0.20114940000000 0.20000000000000 0.19886360000000 0.19774010000000 0.19662920000000 0.19553070000000 0.19444440000000 0.19337020000000 0.19230770000000 0.19125680000000 0.19021740000000 0.18918920000000 0.18817200000000 0.18716580000000 0.18617020000000 0.18518520000000 0.18421050000000 0.18324610000000 0.18229170000000 0.18134710000000 0.18041240000000 0.17948720000000 0.17857140000000 0.17766500000000 0.17676770000000 0.17587940000000 0.17500000000000 0.17326300000000 0.17155180000000 0.16986580000000 0.16820450000000 0.16656750000000 0.16495430000000 0.16336440000000 0.16179740000000 0.16025280000000 0.15873020000000 0.15722920000000 0.15574940000000 0.15429040000000 0.15285180000000 0.15143320000000 0.15003430000000 0.14865470000000 0.14729400000000 0.14595190000000 0.14462810000000 0.14332220000000 0.14203390000000 0.14076290000000 0.13950890000000 0.13827160000000 0.13705070000000 0.13584580000000 0.13465680000000 0.13348340000000 0.13232510000000 0.13118200000000 0.13005350000000 0.12893960000000 0.12783990000000 0.12675420000000 0.12568230000000 0.12462390000000 0.12357890000000 0.12254690000000 0.12152780000000 0.12052130000000 0.11952730000000 0.11854560000000 0.11757590000000 0.11661810000000 0.11567190000000 0.11473720000000 0.11381370000000 0.11290140000000 0.11200000000000 0.11110930000000 0.11022930000000 0.10935960000000 0.10850020000000 0.10765090000000 0.10681150000000 0.10598190000000 0.10516200000000 0.10435150000000 0.10355030000000 0.10275830000000 0.10197540000000 0.10120140000000 0.10043620000000 0.09967960000000 0.09893154000000 0.09819186000000 0.09746046000000 0.09673719000000 0.09602194000000 0.09531461000000 0.09461506000000 0.09392317000000 0.09323885000000 0.09256198000000 0.09189247000000 0.09123018000000 0.09057502000000 0.08992691000000 0.08928572000000 0.08865137000000 0.08802374000000 0.08740278000000 0.08678834000000 0.08618037000000 0.08557876000000 0.08498344000000 0.08439430000000 0.08381125000000 0.08323424000000 0.08266317000000 0.08209795000000 0.08153851000000 0.08098477000000 0.08043665000000 0.07989408000000 0.07935698000000 0.07882528000000 0.07829890000000 0.07777778000000 0.07726184000000 0.07675102000000 0.07624525000000 0.07574446000000 0.07524859000000 0.07475758000000 0.07427135000000 0.07378985000000 0.07331302000000 0.07284079000000 0.07237312000000 0.07190993000000 0.07145118000000 0.07099679000000 0.07054674000000 0.07010094000000 0.06965936000000 0.06922194000000 0.06878863000000 0.06835938000000 0.06793413000000 0.06751283000000 0.06709544000000 0.06668191000000 0.06627219000000 0.06586623000000 0.06546400000000 0.06506544000000 0.06467050000000 0.06427916000000 0.06389135000000 0.06350704000000 0.06312619000000 0.06274876000000 0.06237470000000 0.06200397000000 0.06163654000000 0.06127237000000 0.06091140000000 0.06055363000000 0.06019900000000 0.05984747000000 0.05949902000000 0.05915359000000 0.05881117000000 0.05847171000000 0.05813519000000 0.05780156000000 0.05747079000000 0.05714286000000 0.05681772000000 0.05649535000000 0.05617572000000 0.05585879000000 0.05554453000000 0.05523293000000 0.05492393000000 0.05461752000000 0.05431367000000 0.05401235000000 0.05371353000000 0.05341718000000 0.05312327000000 0.05283178000000 0.05254269000000 0.05225596000000 0.05197158000000 0.05168951000000 0.05140973000000 0.05113221000000 0.05085694000000 0.05058388000000 0.05031302000000 0.05004432000000 0.04977778000000 0.04951335000000 0.04925103000000 0.04899079000000 0.04873260000000 0.04847646000000 0.04822232000000 0.04797018000000 0.04772001000000 0.04747179000000 0.04722551000000 0.04698113000000 0.04673865000000 0.04649804000000 0.04625928000000 0.04602235000000 0.04578725000000 0.04555393000000 0.04532240000000 0.04509263000000 0.04486461000000 0.04463830000000 0.04441371000000 0.04419080000000 0.04396957000000 0.04375000000000 
set 1 nodes 1 1
set 2 nodes 1 3
set 3 nodes 1 5
set 4 nodes 1 7
